0.000000000000000000e+00
4.610965717000000019e+00
4.671631618000000152e+00
4.701853319999999670e+00
4.721998659000000487e+00
4.764259598999999845e+00
4.784479111999999645e+00
4.824865179999999754e+00
4.865142510000000087e+00
4.885293021999999930e+00
4.915518452999999788e+00
4.968150622999999655e+00
5.010129904000000245e+00
5.010129904000000245e+00
5.050493233000000082e+00
5.080717586999999646e+00
5.110842149999999862e+00
5.161254714000000021e+00
5.191567039999999800e+00
5.221884259000000306e+00
5.262286347999999947e+00
5.282450601999999940e+00
5.312733484999999867e+00
5.343032888999999841e+00
5.383369123999999672e+00
5.425644051999999995e+00
5.445843737999999767e+00
5.486158039000000208e+00
5.516435511000000069e+00
5.556802931000000001e+00
5.587086603999999568e+00
5.617277474999999853e+00
5.658514419000000295e+00
5.678686340999999693e+00
5.719181973999999613e+00
5.749839898000000282e+00
5.780103471000000326e+00
5.810358953999999798e+00
5.841014913999999614e+00
5.871267299999999523e+00
5.911674121999999976e+00
5.931938559999999860e+00
5.972835432000000111e+00
6.003074739999999743e+00
6.033363191000000292e+00
6.097007407000000434e+00
6.107064151000000329e+00
6.137279223000000172e+00
6.167441905000000446e+00
6.197703953999999626e+00
6.238120419000000361e+00
6.278489132999999889e+00
6.308720830999999585e+00
6.328977511999999805e+00
6.359183940000000312e+00
6.389514246000000064e+00
6.420038824999999783e+00
6.461191640000000014e+00
6.492915580000000020e+00
6.533263062999999704e+00
6.554441211000000322e+00
6.594703430000000033e+00
6.637837269000000262e+00
6.678175734999999946e+00
6.708383838999999682e+00
6.721185268000000157e+00
6.761545873000000206e+00
6.791821142999999950e+00
6.833588179999999568e+00
6.866688753000000034e+00
6.886847003999999828e+00
6.927211280999999943e+00
6.957468154999999932e+00
6.991373590000000249e+00
7.031752126999999852e+00
7.072191262999999672e+00
7.092384071999999762e+00
7.132709957000000323e+00
7.183161129000000145e+00
7.243586883999999948e+00
7.253664647999999993e+00
7.263744832999999623e+00
7.314059540999999776e+00
7.344285304999999653e+00
7.386138998999999927e+00
7.416952123999999813e+00
7.447302522000000202e+00
7.477519047999999557e+00
7.517766196000000178e+00
7.537899508999999831e+00
7.568167771999999793e+00
7.598437210000000164e+00
7.628761636000000124e+00
7.669012760000000206e+00
7.709353597999999863e+00
7.739572586999999615e+00
7.794283001000000155e+00
7.814454871999999774e+00
7.844684374999999932e+00
7.885340543999999952e+00
7.915662138000000070e+00
7.945866882999999881e+00
7.976194365999999647e+00
5.751661883100000239e+01
6.213221406299999927e+01
6.218275875300000166e+01
6.221302107900000067e+01
6.225335549900000132e+01
6.228360265599999934e+01
6.231411675300000041e+01
6.236529168500000253e+01
6.239572168899999838e+01
6.246736840799999868e+01
6.247745764799999790e+01
6.249763096099999871e+01
6.253805841599999837e+01
6.257840760999999929e+01
6.260871338399999786e+01
6.262900228400000202e+01
6.266370648299999857e+01
6.270405655599999761e+01
6.272422154800000271e+01
6.276728458899999907e+01
6.279756611100000185e+01
6.282777309899999807e+01
6.286874549400000234e+01
6.289112654499999877e+01
6.293446527799999757e+01
6.295455352100000113e+01
6.298482929400000074e+01
6.301528094399999702e+01
6.304542161700000236e+01
6.307649545099999955e+01
6.310680109300000140e+01
6.313701457799999872e+01
6.317736149000000268e+01
6.319749812300000258e+01
6.322772879099999699e+01
6.326792618900000065e+01
6.329816280600000056e+01
6.332847525399999711e+01
6.334888759900000110e+01
6.337911889200000104e+01
6.341123645300000078e+01
6.344148178300000041e+01
6.348193948800000186e+01
6.351218364399999672e+01
6.354240219700000125e+01
6.357436630899999841e+01
6.360462631299999714e+01
6.363478173400000060e+01
6.366507915500000081e+01
6.370539832099999700e+01
6.372554908800000106e+01
6.378597888099999835e+01
6.379604004499999803e+01
6.384654173199999860e+01
6.385660290100000225e+01
6.388687975100000216e+01
6.391710206799999838e+01
6.394731096400000325e+01
6.398881862900000073e+01
6.400892960599999526e+01
6.405933846599999981e+01
6.408963309400000696e+01
6.411991737499999999e+01
6.416146592799999837e+01
6.419233475199999361e+01
6.423275590000000079e+01
6.427651271000000577e+01
6.431688538100000585e+01
6.432705073200000356e+01
6.435724768299999710e+01
6.438353598300000158e+01
6.441384709700000144e+01
6.444888180399999555e+01
6.448137569399999336e+01
6.451163979300000051e+01
6.455322678999999653e+01
6.458348102200000085e+01
6.461361250100000575e+01
6.464387304900000686e+01
6.467410541099999932e+01
6.471462359400000253e+01
6.474484919600000410e+01
6.477516252099999861e+01
6.480543485600000508e+01
6.483565949600000522e+01
6.487781383200000107e+01
6.490809123799999725e+01
6.493829291900000555e+01
6.497868134600000189e+01
6.501139423399999373e+01
6.505307205200000453e+01
6.508346678300000576e+01
6.511458976999999493e+01
6.514484474500000033e+01
6.517880522000000099e+01
6.523936856199999568e+01
6.524942470000000583e+01
6.527962220599999910e+01
6.531998282499999675e+01
6.535029446699999767e+01
6.538150725200000579e+01
6.540163013800000158e+01
6.544189818499999944e+01
6.547208960800000455e+01
6.550238128399999482e+01
6.553264904300000637e+01
6.558302992999999503e+01
6.562333416299999556e+01
6.565347981300000413e+01
6.567365232599999558e+01
6.570402920799999436e+01
6.575038843800000166e+01
6.577061869499999602e+01
6.580077440899999885e+01
6.584115693900000110e+01
6.587139270699999827e+01
6.590163436699999977e+01
6.593178183899999567e+01
6.597229269599999668e+01
6.600257645099999593e+01
6.603289071000000376e+01
6.606311012700000163e+01
6.609338793999999950e+01
6.613432100599999330e+01
6.617443596799999739e+01
6.619465214000000230e+01
6.623496109900000306e+01
6.626518320200000289e+01
6.629538367799999321e+01
6.632557695600000613e+01
6.635753650300000572e+01
6.639793625199999383e+01
6.643828907299999287e+01
6.645846478199999297e+01
6.649340190200000222e+01
6.653369427500000199e+01
6.656546869599999638e+01
6.659598137400000439e+01
6.662622661400000368e+01
6.665647901900000249e+01
6.670906790099999739e+01
6.670906790099999739e+01
6.674137745400000199e+01
6.678168714199999556e+01
6.682205285800000638e+01
6.685234462699999369e+01
6.688445047099999385e+01
6.691477170900000715e+01
6.694513516099999606e+01
6.698606892499999788e+01
6.701626569399999767e+01
6.704676111099999503e+01
6.707709034299999473e+01
6.710751676200000304e+01
6.714788273099999572e+01
6.717808734000000470e+01
6.721987827200000254e+01
6.725021481000000279e+01
6.729054342499999564e+01
6.733146886000000109e+01
6.737458350100000359e+01
6.739471844199999850e+01
6.741490469100000382e+01
6.744540716900000632e+01
6.748568516000000272e+01
6.751819414099999506e+01
6.754857913700000438e+01
6.758887192100000618e+01
6.761923046100000079e+01
6.765944762700000581e+01
6.770236780099999407e+01
6.773266922700000237e+01
6.777310365900000022e+01
6.780338278499999660e+01
6.784375888600000337e+01
6.788407622500000116e+01
6.789417905400000564e+01
6.792438297699999339e+01
6.797487101999999481e+01
6.800504423700000700e+01
6.804562103000000661e+01
6.805568840300000488e+01
6.808598197800000662e+01
6.811658599499999411e+01
6.817704158300000472e+01
6.817704158300000472e+01
6.820962755700000457e+01
6.823977369600000031e+01
6.828010788599999614e+01
6.831033129700000472e+01
6.834055432499999938e+01
6.837080831100000466e+01
6.840108572799999820e+01
6.843149444499999845e+01
6.846177384099999585e+01
6.849212010300000486e+01
6.853253644299999792e+01
6.856288613300000634e+01
6.860315644000000646e+01
6.863700349500000186e+01
6.866719452300000626e+01
6.869761543600000664e+01
6.872790116500000579e+01
6.875819588000000238e+01
6.880060243100000150e+01
6.883074244700000577e+01
6.886349069700000314e+01
6.888375014199999669e+01
6.892430283800000268e+01
6.895460880800000325e+01
6.899506845700000213e+01
6.902538004199999477e+01
6.906568269199999577e+01
6.909592548700000236e+01
6.912812432299999443e+01
6.915835746099999426e+01
6.919860226100000489e+01
6.923121349900000610e+01
6.926148047600000268e+01
6.929180125300000270e+01
6.932313559099999623e+01
6.935337812900000642e+01
6.938367418699999689e+01
6.942408512400000120e+01
6.945434468499999525e+01
6.948509622900000693e+01
6.951531438000000662e+01
6.954565238799999349e+01
6.961195201499999996e+01
6.962204013900000632e+01
6.964212042299999439e+01
6.967234094699999503e+01
6.970284057300000313e+01
6.975610752599999387e+01
6.976621712899999750e+01
6.979656314599999689e+01
6.983839061800000536e+01
6.986862532099999612e+01
6.992071366400000443e+01
6.997122609999999554e+01
6.997122609999999554e+01
7.000145624099999964e+01
7.002167723099999819e+01
7.005199122499999476e+01
7.008330431500000657e+01
7.011358579000000191e+01
7.015758846399999982e+01
7.017771586199999945e+01
7.021795005200000617e+01
7.026074979300000223e+01
7.028088376899999901e+01
7.031121173100000021e+01
7.034415348999999651e+01
7.037681073299999923e+01
7.040708331999999814e+01
7.043742707399999858e+01
7.046769808199999829e+01
7.051074053600000013e+01
7.054113218800000595e+01
7.057133430999999746e+01
7.061296936799999457e+01
7.064541898599999570e+01
7.068578112699999849e+01
7.071786491199999602e+01
7.074822755600000335e+01
7.077918190699999457e+01
7.080961449000000130e+01
7.083995741900000098e+01
7.087076799899999457e+01
7.091112115299999630e+01
7.094245289500000240e+01
7.098280923900000516e+01
7.102315736399999935e+01
7.105341479300000174e+01
7.108357855200000586e+01
7.111378516199999922e+01
7.116419815199999732e+01
7.118432786399999657e+01
7.122447767600000645e+01
7.124468147100000692e+01
7.129681127599999968e+01
7.130691541500000596e+01
7.134746555600000306e+01
7.137834933800000670e+01
7.142124245399999438e+01
7.144145395799999676e+01
7.147177105699999800e+01
7.150351164200000653e+01
7.153393272300000660e+01
7.157433379799999784e+01
7.161529272600000695e+01
7.162539126299999737e+01
7.165553550500000313e+01
7.168571317599999304e+01
7.173909471100000701e+01
7.175929729199999940e+01
7.178959471599999631e+01
7.181993347799999583e+01
7.185030676200000244e+01
7.188053520500000104e+01
7.191265108899999348e+01
7.194300793700000440e+01
7.197326589399999364e+01
7.202366349400000445e+01
7.203376628899999901e+01
7.207640675999999758e+01
7.210654946699999357e+01
7.213675848600000506e+01
7.217706628199999841e+01
7.219726086599999348e+01
7.224021555100000569e+01
7.228050531099999887e+01
7.232311047199999621e+01
7.234326416800000459e+01
7.237348811200000398e+01
7.240378763799999717e+01
7.243398438299999498e+01
7.249448819399999877e+01
7.249448819399999877e+01
7.252467494200000431e+01
7.255484269100000461e+01
7.260536206300000117e+01
7.263563252199999454e+01
7.265573723699999675e+01
7.269612934399999915e+01
7.272642447399999810e+01
7.275667261600000302e+01
7.278827644000000419e+01
7.282857764899999609e+01
7.285879918700000246e+01
7.288911647400000504e+01
7.291938271700000485e+01
7.295972969700000021e+01
7.299004914500000041e+01
7.302029853700000217e+01
7.305051287599999910e+01
7.308092232399999943e+01
7.311327837800000395e+01
7.315367181300000254e+01
7.316374636599999803e+01
7.320580861400000572e+01
7.323611447700000099e+01
7.326717775400000221e+01
7.329736696700000209e+01
7.334034083699999940e+01
7.336056176499999992e+01
7.339083046300000035e+01
7.343117860399999586e+01
7.345131099799999674e+01
7.348153538900000115e+01
7.351175871300000608e+01
7.354190210900000579e+01
7.357215947900000685e+01
7.360249892900000646e+01
7.363272489700000278e+01
7.366300465499999461e+01
7.369328141299999402e+01
7.373366876900000477e+01
7.375389792599999339e+01
7.378424506300000019e+01
7.381459752099999605e+01
7.388517505900000515e+01
7.388517505900000515e+01
7.390811254999999846e+01
7.393848789899999474e+01
7.397883627999999590e+01
7.400910571599999344e+01
7.403933871499999952e+01
7.406965988700000025e+01
7.410168342299999722e+01
7.413196582999999862e+01
7.416405675500000427e+01
7.419433346900000004e+01
7.423462362899999789e+01
7.426494311999999809e+01
7.430528436699999872e+01
7.434579331700000182e+01
7.438624238299999547e+01
7.439633456999999339e+01
7.441656833400000437e+01
7.444869445800000562e+01
7.448946783200000255e+01
7.451973743400000671e+01
7.455005558800000642e+01
7.459044406699999286e+01
7.463083366300000421e+01
7.467113658700000656e+01
7.472203831800000273e+01
7.472203831800000273e+01
7.475453673699999513e+01
7.477476306799999861e+01
7.480492604500000198e+01
7.483663464599999315e+01
7.486686934899999812e+01
7.490715280300000245e+01
7.493744471799999474e+01
7.496767394900000170e+01
7.501812441500000261e+01
7.505851308299999403e+01
7.509886369699999875e+01
7.511903902599999583e+01
7.515971299000000272e+01
7.519006022400000688e+01
7.522031573099999946e+01
7.526067692600000214e+01
7.532370370900000012e+01
7.533379113700000573e+01
7.537426257100000271e+01
